N = 10
N_steps = 10
box_x = 100.000000
box_y = 100.000000
box_z = 100.000000
temperature = 1.000000
delta_x = 88.805454
myseed = 643161691
sigma = 1.000000
model = 0
E = 0.000000
Lattice={100.00 100.00 100.00} Properties=species:S:1:pos:R:3
pos: 65.54 20.10 89.36
pos: 78.42 88.66 33.55
pos: 44.46 29.95 55.34
pos: 62.58 82.02 85.03
pos: 88.81 77.72 9.88
pos: 63.47 93.92 37.78
pos: 37.00 80.21 74.76
pos: 72.87 47.86 45.92
pos: 19.46 99.74 0.59
pos: 58.52 66.52 9.81
